-0.04814332,0.2464416,1.626839
-0.04820047,0.2464542,1.626887
-0.04828971,0.2465456,1.626952
-0.04869661,0.2477006,1.627149
-0.04907057,0.2490357,1.62763
-0.04951625,0.2505845,1.628178
-0.04996946,0.2522614,1.628608
-0.05046038,0.2543184,1.628599
-0.05096283,0.2556418,1.62876
-0.05157134,0.2572717,1.628977
-0.05243948,0.2588906,1.628664
-0.0532962,0.2602406,1.628343
-0.05403312,0.2611632,1.628053
-0.05452553,0.2617602,1.627903
-0.05496606,0.2624628,1.628161
-0.05547618,0.2629734,1.628489
-0.05594128,0.2636524,1.629415
-0.05677862,0.2646834,1.6315
-0.05776266,0.266352,1.636042
-0.0571683,0.2691202,1.644553
-0.05758481,0.2704378,1.649109
-0.05784591,0.2711945,1.651036
-0.0585304,0.2720137,1.652596
-0.05895576,0.2726129,1.653423
-0.0593771,0.2730052,1.654027
-0.05987579,0.2734312,1.654223
-0.0603065,0.2737139,1.653895
-0.06080243,0.2738525,1.653487
-0.06148807,0.2737576,1.652371
-0.0627058,0.2728679,1.649849
-0.06371563,0.2715898,1.64599
-0.06479912,0.2699846,1.641358
-0.06534348,0.2685182,1.637667
-0.06560001,0.2659761,1.631283
-0.06579528,0.264778,1.627718
-0.06515966,0.2638993,1.624892
-0.06486664,0.263856,1.623168
-0.06433453,0.263835,1.62112
-0.06428634,0.2641753,1.619629
-0.06432872,0.2646713,1.61881
-0.06411675,0.2650541,1.618177
-0.06396182,0.2654729,1.61772
-0.06380832,0.2657931,1.617524
-0.06331234,0.2666167,1.618454
-0.06246105,0.2676585,1.620669
-0.06176116,0.2688285,1.623597
-0.06113382,0.2696945,1.626676
-0.06039026,0.2701471,1.629061
-0.05821834,0.271377,1.634022
-0.05710943,0.2720643,1.63776
-0.05597237,0.2724899,1.640383
-0.05426076,0.2733344,1.643547
-0.05306167,0.2736238,1.645234
-0.05180529,0.2740314,1.646878
-0.05014785,0.2740974,1.648794
-0.04902338,0.2741509,1.649896
-0.04990175,0.2723275,1.646577
-0.04505984,0.2721929,1.649675
-0.04481051,0.2720418,1.649478
-0.04389419,0.2718956,1.64893
-0.04247505,0.2717257,1.648348
-0.02973344,0.2728664,1.650913
-0.02448764,0.2731751,1.651086
-0.02113951,0.2730465,1.650943
-0.01634912,0.2728289,1.649572
-0.01204905,0.2721432,1.646472
-0.009310066,0.2715174,1.644301
-0.008060263,0.2713309,1.64301
-0.007355284,0.2712754,1.640902
-0.007071476,0.2712548,1.639367
-0.00773854,0.2713419,1.638703
-0.009329454,0.2714621,1.637709
-0.01081488,0.2715885,1.637267
-0.01300385,0.2717626,1.637405
-0.01819201,0.2723708,1.638402
-0.02254878,0.2729045,1.639521
-0.02733849,0.2735264,1.640588
-0.03044477,0.2737558,1.641339
-0.03622948,0.2748409,1.642463
-0.0410124,0.2757013,1.643137
-0.04465627,0.2763783,1.643069
-0.05254848,0.2768761,1.640355
-0.05613415,0.2769639,1.638681
-0.06005756,0.276739,1.636121
-0.06294569,0.2768538,1.634345
-0.06507947,0.2769372,1.632733
-0.06652702,0.2771538,1.631878
-0.06769884,0.2772968,1.63035
-0.06861298,0.2771649,1.628764
-0.06952678,0.2768571,1.627563
-0.0697775,0.2765637,1.626793
-0.06982331,0.2762642,1.626333
-0.06986095,0.2760541,1.626066
-0.06937435,0.2757467,1.625841
-0.06820229,0.2753905,1.626135
-0.06566054,0.2749631,1.628199
-0.06359071,0.2751262,1.63107
-0.06041752,0.2754158,1.635241
-0.05808443,0.2758884,1.639427
-0.05682961,0.2761785,1.643586
-0.055926,0.2764884,1.648001
-0.0560028,0.2769864,1.656214
-0.0559203,0.2770292,1.656391
-0.05579924,0.2770799,1.656803
-0.05585633,0.2771878,1.657304
-0.05885351,0.2782553,1.667895
-0.05870422,0.2782247,1.667312
-0.05863567,0.2781728,1.666881
-0.06003473,0.2782286,1.670319
-0.06042521,0.2781293,1.673079
-0.06088285,0.2783535,1.675397
-0.05984632,0.2782841,1.67287
-0.06063205,0.2786582,1.675234
-0.06173591,0.2789533,1.676656
-0.06193647,0.2789548,1.676654
-0.0623717,0.2787897,1.675597
-0.06278969,0.2786088,1.673757
-0.06107427,0.2781207,1.665409
-0.06058753,0.2781389,1.661695
-0.06127853,0.277924,1.66029
-0.06070262,0.2776665,1.656303
-0.0602152,0.2776315,1.653725
-0.05993358,0.2775297,1.651536
-0.0614221,0.2769405,1.646113
-0.06224,0.276393,1.642265
-0.06257476,0.2760478,1.63997
-0.06254332,0.2757945,1.639096
-0.0620996,0.2755718,1.638786
-0.06178094,0.2755818,1.638867
-0.06102004,0.2754656,1.639288
-0.05913432,0.275464,1.640968
-0.05593535,0.2757618,1.643823
-0.03876954,0.2763821,1.661294
-0.03867305,0.2764379,1.66134
-0.02499462,0.276288,1.672582
-0.009955452,0.2762474,1.683946
-0.00355873,0.276456,1.689302
0.009484852,0.2771774,1.705357
0.008332298,0.2771699,1.705132
0.008703427,0.2772736,1.707684
0.01128563,0.2772252,1.735865
0.01042716,0.2769023,1.740157
0.005554366,0.2759633,1.749574
-0.0004364401,0.275901,1.758441
-0.02497898,0.2716276,1.78412
-0.03348439,0.2697529,1.791803
-0.04619031,0.2680664,1.803382
-0.0587855,0.2659163,1.813931
-0.07144327,0.2649094,1.824371
-0.08252098,0.2638522,1.833732
-0.09090022,0.2632749,1.841689
-0.1021918,0.2636021,1.850855
-0.1106147,0.2641312,1.857069
-0.1129609,0.2642949,1.859058
-0.1291121,0.2664687,1.87026
-0.1327345,0.2669688,1.873122
-0.1350705,0.2676234,1.875439
-0.1363965,0.2681079,1.877074
-0.1367722,0.2683228,1.878189
-0.1369804,0.2685501,1.87961
-0.1358237,0.2689039,1.882634
-0.1343377,0.2693711,1.885562
-0.1320745,0.269714,1.889976
-0.1282481,0.2704371,1.89639
-0.1253491,0.2710191,1.902399
-0.1215808,0.272247,1.914677
-0.1185106,0.2719793,1.920719
-0.1119066,0.2734266,1.935179
-0.1085361,0.2742753,1.944565
-0.1058084,0.2748049,1.950303
-0.1040514,0.2750492,1.953357
-0.1026959,0.2751412,1.955698
-0.1011727,0.2753832,1.957415
-0.099192,0.2756632,1.958971
-0.09726091,0.275964,1.959948
-0.0885805,0.2766025,1.962018
-0.08473217,0.2769582,1.962285
-0.07965213,0.2765344,1.961288
-0.0751693,0.2754215,1.959826
-0.07149448,0.2746236,1.958048
-0.06742178,0.2744831,1.956146
-0.06349578,0.2752004,1.955027
-0.05944553,0.2756666,1.953146
-0.05689039,0.27585,1.951911
-0.05331118,0.2763256,1.951211
-0.05071535,0.2763988,1.950211
-0.03951039,0.2768387,1.946495
-0.03620156,0.2772278,1.945681
-0.03289443,0.277415,1.944816
-0.02942178,0.2774714,1.944406
-0.02953233,0.2774173,1.944402
-0.02154348,0.2773547,1.942158
-0.01780327,0.2769454,1.94131
-0.01427815,0.2767701,1.940233
-0.01144085,0.2771045,1.939768
-0.006472829,0.276787,1.938346
-4.549763E-05,0.2758679,1.93637
0.003827847,0.275928,1.934665
0.01354292,0.2751306,1.935232
0.01908337,0.2758295,1.934536
0.02458,0.2759929,1.933531
0.03628805,0.2744713,1.930444
0.05099863,0.2720107,1.925475
0.05630661,0.2707431,1.922885
0.06244904,0.267618,1.918894
0.07050873,0.2659675,1.915296
0.08093851,0.2625802,1.909098
0.08420421,0.2614849,1.907335
0.08614134,0.2607918,1.906145
0.08885142,0.2597485,1.90451
0.09001556,0.2593586,1.903819
0.0908733,0.2590579,1.903359
0.09184064,0.258775,1.902921
0.09235208,0.2585447,1.902583
0.09273116,0.2583858,1.902366
0.09290996,0.2582474,1.902253
0.09279323,0.2582436,1.902113
0.09198007,0.2583537,1.901877
0.08989367,0.2587675,1.90167
0.08613033,0.2598067,1.901344
0.08101939,0.2610284,1.900707
0.07619447,0.2620423,1.900453
0.05235993,0.267238,1.899818
0.03725164,0.2704154,1.900174
0.02949463,0.2717663,1.9004
0.0111284,0.2744105,1.900788
0.004537298,0.2751287,1.901059
-0.0730403,0.2794656,1.900001
-0.08696856,0.2784663,1.897278
-0.1016246,0.278576,1.895336
-0.1016193,0.2785479,1.895317
-0.1284052,0.2754183,1.889838
-0.1468344,0.2734976,1.887774
-0.1556541,0.2727922,1.886483
-0.1634394,0.2716509,1.885061
-0.1694908,0.2704283,1.884118
-0.1779843,0.2690023,1.883051
-0.1848502,0.2680306,1.881542
-0.193765,0.2673666,1.880306
-0.1977305,0.2668607,1.879558
-0.2003921,0.2665376,1.878708
-0.2022097,0.2663902,1.878326
-0.2038346,0.2661298,1.877875
-0.2051673,0.2659492,1.876863
-0.2058441,0.2658755,1.87609
-0.2062627,0.265869,1.875668
-0.2065046,0.2658208,1.875213
-0.2063181,0.2658377,1.874682
-0.2061366,0.2659316,1.874191
-0.2056951,0.26603,1.873695
-0.2049888,0.2660542,1.87317
-0.2037574,0.265924,1.872379
-0.2029195,0.266035,1.871803
-0.201719,0.2662061,1.871413
-0.2011936,0.2661814,1.871184
-0.1998657,0.2663784,1.870677
-0.1984673,0.2666894,1.870561
-0.196846,0.26678,1.870018
-0.1953095,0.2670078,1.869569
-0.1940184,0.2670015,1.869112
-0.194127,0.2669837,1.869257
-0.1926125,0.2669778,1.868828
-0.1901581,0.266876,1.868253
-0.1903066,0.2668696,1.86852
-0.1902274,0.2668407,1.868735
-0.1835524,0.2664487,1.867565
-0.1811892,0.2665719,1.866885
-0.1822176,0.266691,1.867678
-0.1829455,0.2667207,1.868407
-0.1784053,0.2667721,1.868021
-0.1735941,0.2669351,1.868917
-0.1756355,0.2670151,1.870057
-0.1698556,0.2674028,1.870617
-0.1667891,0.267538,1.870628
-0.1638211,0.2678528,1.870849
-0.1642076,0.2678933,1.871114
-0.1614065,0.2681597,1.871432
-0.1621781,0.2681337,1.871674
-0.1624893,0.2681623,1.871764
-0.1626987,0.2681839,1.871881
-0.1630153,0.2682003,1.872091
-0.1631164,0.2681931,1.872149
-0.1631559,0.268173,1.872215
-0.1632062,0.2681552,1.872279
-0.1632836,0.2681621,1.87246
-0.1633336,0.2681736,1.872574
-0.1633658,0.2681932,1.872645
-0.1633507,0.2681972,1.872744
-0.1633393,0.2681788,1.8728
-0.1633334,0.2681794,1.87293
-0.1632572,0.2682066,1.873028
-0.1543286,0.2686579,1.874489
-0.1513493,0.2688567,1.874815
-0.1530748,0.2686618,1.8748
-0.154149,0.2686318,1.874878
-0.1548597,0.2685748,1.874863
-0.15549,0.2685854,1.874846
-0.1558379,0.2685877,1.87482
-0.1561925,0.2685696,1.87476
-0.1563915,0.2685433,1.87474
-0.154664,0.2685782,1.874765
-0.1536611,0.2686422,1.874764
-0.1462529,0.2687544,1.874222
-0.1462587,0.2687604,1.874229
-0.1462622,0.2687616,1.874224
-0.1462733,0.2687644,1.874215
-0.1462879,0.2687718,1.874205
-0.1462919,0.2687702,1.874172
-0.1463012,0.2687698,1.87414
-0.1463029,0.2687843,1.874113
-0.1417591,0.2688773,1.872504
-0.1398993,0.2691754,1.871819
-0.1381522,0.269197,1.871284
-0.1370182,0.2694306,1.870774
-0.138057,0.2693352,1.870648
-0.1336051,0.2692589,1.870355
-0.1280398,0.2690718,1.86975
-0.1248927,0.269123,1.869225
-0.1258621,0.2691525,1.869451
-0.1130507,0.2695117,1.868627
-0.108987,0.2697643,1.868684
-0.1047066,0.2699473,1.869036
-0.09998725,0.270115,1.869356
-0.1011555,0.2702375,1.869608
-0.1015327,0.2703182,1.869711
-0.09062067,0.2718951,1.870627
-0.08377736,0.2724651,1.871703
-0.08015177,0.2724927,1.871753
-0.07724512,0.2724727,1.871605
-0.07368888,0.2727691,1.871288
-0.07117106,0.2729152,1.870926
-0.06824148,0.2732123,1.870583
-0.06580003,0.2732945,1.870374
-0.06403227,0.2735789,1.870159
-0.06282821,0.2739965,1.870216
-0.061839,0.2742271,1.870194
-0.06068979,0.274399,1.869933
-0.06031076,0.2743962,1.869655
-0.05920057,0.2744606,1.869634
-0.05862484,0.2745224,1.869453
-0.0568384,0.2746615,1.868764
-0.05590974,0.2752062,1.868056
-0.05510793,0.2756077,1.867377
-0.05476574,0.275631,1.866992
-0.05445389,0.275811,1.866531
-0.05397993,0.2759363,1.866082
-0.05363795,0.2761023,1.865431
-0.05349385,0.275791,1.864304
-0.0534743,0.2757719,1.864028
-0.05342523,0.2758022,1.863792
-0.05331838,0.2757387,1.863089
-0.05313772,0.2758704,1.862099
-0.05300292,0.2758954,1.861143
-0.05289285,0.27599,1.859978
-0.05274268,0.2758795,1.858851
-0.0527706,0.2759415,1.858449
-0.05295657,0.2756813,1.857853
-0.05278185,0.2756399,1.856832
-0.05290297,0.2756454,1.856561
-0.05295393,0.2755251,1.856406
-0.05301203,0.2754392,1.856199
-0.05305353,0.2754466,1.856021
-0.05312766,0.275407,1.855828
-0.0531546,0.2754091,1.855766
-0.05323422,0.2753505,1.85572
-0.05333252,0.2753495,1.855758
-0.05356027,0.2752789,1.855811
-0.05364557,0.2751323,1.855811
-0.05381532,0.2748653,1.855947
-0.05398641,0.274594,1.856259
-0.05405925,0.2744209,1.856392
-0.05438385,0.2740665,1.856756
-0.05496414,0.2736887,1.857227
-0.05536458,0.2730769,1.857902
-0.05684883,0.2722001,1.85933
-0.05747484,0.2719307,1.860557
-0.05775903,0.2717494,1.861474
-0.058015,0.2716633,1.862341
-0.05828831,0.2716363,1.863055
-0.05852222,0.2715907,1.863805
-0.05889861,0.2716584,1.864664
-0.05911104,0.2717424,1.865163
-0.05932736,0.271823,1.865686
-0.0595949,0.2719423,1.865952
-0.06006192,0.2722436,1.866134
-0.06065862,0.2724615,1.866105
-0.06146738,0.2728663,1.865922
-0.06193002,0.273103,1.865797
-0.06246378,0.2733802,1.865547
-0.06841511,0.2751319,1.861796
-0.06840751,0.2751764,1.861733
-0.07248271,0.2764277,1.857305
-0.07495683,0.277121,1.854575
-0.07416871,0.2770023,1.854711
-0.07357346,0.2769163,1.854829
-0.07307325,0.2769461,1.854925
-0.07260697,0.2769455,1.854961
-0.0723159,0.2769533,1.854872
-0.07200649,0.2769194,1.854829
-0.07175935,0.2769099,1.854782
-0.07148868,0.2768992,1.854639
-0.07138139,0.2768777,1.854586
-0.07125677,0.2768688,1.854499
-0.07116859,0.2768294,1.854396
-0.07604156,0.2772467,1.847881
-0.07882054,0.2777899,1.844877
-0.08006511,0.2779279,1.843649
-0.07853094,0.2774572,1.845584
-0.0816272,0.2776675,1.844412
-0.08008496,0.2772485,1.846307
-0.08595314,0.2775267,1.843103
-0.08975038,0.2782486,1.840511
-0.09046084,0.2784668,1.840042
-0.09055208,0.278658,1.839594
-0.08861538,0.2788758,1.836933
-0.0847545,0.278975,1.833392
-0.07994473,0.2790551,1.830545
-0.06500031,0.2777818,1.823324
-0.05340691,0.2762539,1.819661
-0.04427462,0.2760008,1.816353
-0.03161564,0.2737156,1.811333
-0.005073546,0.2682904,1.801931
0.002792778,0.2675452,1.799025
0.01370704,0.2662932,1.793583
0.02331717,0.2656714,1.788264
0.03108735,0.2643205,1.783234
0.04090327,0.2629001,1.777355
0.04894992,0.260746,1.770257
0.05460744,0.2591255,1.763548
0.06164944,0.2570703,1.754056
0.06627696,0.2545737,1.74341
0.07034247,0.2515264,1.730803
0.07299874,0.2484335,1.719096
0.07571508,0.2445663,1.704131
0.07209732,0.2348559,1.658389
0.07065912,0.2325511,1.648956
0.06662051,0.2270533,1.627569
0.06134178,0.2225206,1.606564
0.0550321,0.2175611,1.584588
0.04789324,0.2125672,1.558532
0.03180503,0.2061978,1.504485
0.02887126,0.2054388,1.495361
0.02337909,0.2031207,1.475285
0.02087113,0.2023894,1.457719
0.01826324,0.2019748,1.441658
0.01670713,0.2028038,1.424565
0.01943354,0.2032117,1.386582
0.02056794,0.202994,1.378398
0.02385775,0.2017152,1.36342
0.02771637,0.1986585,1.349869
0.04844615,0.1835701,1.308514
0.06748544,0.1663799,1.285293
0.09670289,0.1352112,1.249156
0.1048476,0.1281694,1.241679
0.1229096,0.1110748,1.225211
0.128009,0.1063776,1.220344
0.1459664,0.1066568,1.195576
0.1701192,0.07086734,1.183936
0.1750077,0.0659791,1.178524
0.194347,0.0568378,1.138424
0.1937352,0.05131302,1.139906
0.1957615,0.05580755,1.139466
0.1946049,0.05298615,1.142091
0.1986885,0.04073187,1.129791
0.2017597,0.03594952,1.124339
0.2016177,0.03596247,1.12497
0.2032894,0.03396081,1.122933
0.2119304,0.02542585,1.111377
0.2151711,0.02216399,1.107768
0.2143034,0.02291149,1.108919
0.2138223,0.02325936,1.109327
0.214496,0.02239171,1.108529
0.2147673,0.02199771,1.107907
0.2147962,0.02176479,1.1073
0.2148203,0.02155199,1.106604
0.2170854,0.01884814,1.100806
0.2179495,0.01779811,1.09848
0.2184196,0.01741081,1.096803
0.2188527,0.01716504,1.094917
0.2195716,0.01687537,1.093589
0.2186153,0.01780403,1.094299
0.2192921,0.01789783,1.092223
0.2200044,0.01757518,1.090895
0.220378,0.01695741,1.089847
0.2208542,0.01620958,1.088838
0.220983,0.01608066,1.088475
0.2214382,0.01559859,1.087878
0.2216058,0.01554619,1.087085
0.2205206,0.01635638,1.089281
0.2193078,0.01753164,1.090882
0.2198226,0.01739716,1.089586
0.2200376,0.01768024,1.088412
0.2203459,0.01804736,1.087723
0.2204401,0.01849924,1.086843
0.2208182,0.01879612,1.086041
0.2210016,0.01898332,1.08567
0.2212159,0.01929761,1.085138
0.2213222,0.01943943,1.084743
0.2215323,0.01970465,1.08424
0.2217148,0.01978753,1.083984
0.2219691,0.01982258,1.083742
0.2221921,0.01997165,1.083461
0.2224372,0.01999998,1.083215
0.2228304,0.02007801,1.082875
0.2228729,0.02017125,1.082738
0.2231413,0.02032656,1.082444
